1000,	1.000000,		827.105530,	812.578735,	421.239868	
999,	2.000000,		301.729401,	835.284485,	326.327301	
998,	3.000000,		228.118744,	948.111450,	361.087891	
997,	4.000000,		356.021820,	311.739471,	196.684677	
996,	5.000000,		64.325905,	57.550797,	298.708069	
995,	6.000000,		384.922852,	780.778442,	879.231140	
994,	6.000000,		477.485474,	247.467484,	6.127110	
993,	6.000000,		734.603943,	404.515747,	722.976379	
992,	7.000000,		600.902344,	513.649902,	496.620605	
991,	10.000000,	801.744629,	371.860931,	962.424622	
990,	11.000000,	515.877747,	695.875916,	686.995056	
989,	12.000000,	463.691132,	353.641388,	112.880859	
988,	13.000000,	779.893372,	748.917114,	19.219551	
987,	14.000000,	913.900146,	899.709045,	73.054199	
986,	15.000000,	240.234589,	938.009827,	963.096008	
985,	16.000000,	883.839417,	580.393921,	273.957550	
984,	17.000000,	864.490723,	516.060913,	481.025635	
983,	18.000000,	760.300537,	100.673454,	942.770691	
982,	19.000000,	132.901001,	995.048889,	866.199768	
981,	20.000000,	114.132118,	584.300293,	636.822632	
980,	21.000000,	275.422424,	915.853333,	991.386658	
979,	22.000000,	277.955475,	868.397095,	277.253540	
978,	23.000000,	417.852325,	671.155945,	55.414501	
977,	24.000000,	461.890533,	89.503677,	590.922791	
976,	25.000000,	658.063538,	70.246498,	509.865631	
975,	26.000000,	111.049744,	201.354019,	787.217834	
974,	27.000000,	343.692352,	579.417297,	115.047668	
973,	28.000000,	404.332611,	474.403107,	71.101013	
972,	29.000000,	498.482208,	149.411514,	141.110474	
971,	30.000000,	601.512695,	606.700867,	853.351440	
970,	31.000000,	562.510071,	880.329834,	713.485107	
969,	32.000000,	986.503723,	953.024902,	887.898376	
968,	33.000000,	507.271545,	95.302193,	337.771759	
967,	34.000000,	54.865170,	676.801880,	670.606628	
966,	35.000000,	73.023682,	327.090271,	842.486877	
965,	36.000000,	978.782532,	477.271851,	895.802673	
964,	36.000000,	489.418213,	887.043884,	480.506836	
963,	36.000000,	875.721497,	59.046204,	214.202301	
962,	36.000000,	697.157715,	711.440369,	854.999451	
961,	40.000000,	638.043396,	828.784058,	593.425293	
960,	41.000000,	919.424011,	690.474182,	803.606262	
959,	42.000000,	665.326904,	536.874512,	871.906677	
958,	43.000000,	558.268005,	303.224792,	520.882813	
957,	44.000000,	416.112762,	868.549683,	248.718735	
956,	45.000000,	940.146118,	736.618164,	135.037292	
955,	46.000000,	876.576050,	440.497040,	85.871971	
954,	47.000000,	530.404602,	378.361359,	818.651917	
953,	48.000000,	458.960754,	413.915436,	143.551956	
952,	49.000000,	4.387555,		272.095917,	419.988617	
951,	50.000000,	118.984558,	106.990784,	848.376953	
950,	51.000000,	126.766777,	428.076019,	682.478333	
949,	52.000000,	240.967041,	711.104675,	31.091249	
948,	53.000000,	877.644165,	425.817657,	495.888153	
947,	54.000000,	707.839172,	607.707947,	394.230988	
946,	55.000000,	796.495483,	143.521439,	422.857361	
945,	56.000000,	177.702164,	972.129517,	399.754852	
944,	57.000000,	220.916382,	335.238708,	88.496567	
943,	58.000000,	551.248718,	461.798981,	934.866394	
942,	59.000000,	98.231972,	769.974854,	40.155247	
941,	60.000000,	560.648438,	944.968018,	637.829712	
940,	61.000000,	472.541504,	376.286102,	497.353027	
939,	62.000000,	968.986084,	555.277161,	776.658447	
938,	63.000000,	719.863464,	923.238831,	149.136841	
937,	64.000000,	658.246643,	985.862793,	691.816956	
936,	65.000000,	247.467484,	840.472656,	939.291565	
935,	66.000000,	536.447266,	983.573914,	668.043091	
934,	67.000000,	811.998840,	463.294373,	733.810425	
933,	68.000000,	326.693542,	601.970459,	313.082275	
932,	69.000000,	972.831421,	902.913513,	19.097477	
931,	70.000000,	548.105347,	36.676136,	718.795349	
930,	71.000000,	605.296997,	518.136169,	450.903870	
929,	72.000000,	974.082703,	933.828735,	485.878082	
928,	73.000000,	978.568909,	225.402603,	295.930878	
927,	74.000000,	193.510757,	45.953766,	735.488953	
926,	75.000000,	779.344055,	251.465408,	701.186157	
925,	76.000000,	221.831940,	145.749283,	130.764709	
924,	77.000000,	762.192688,	37.835842,	413.732330	
923,	78.000000,	40.094212,	310.427155,	316.347748	
922,	79.000000,	552.469482,	468.818237,	186.857727	
921,	80.000000,	107.418045,	193.358170,	677.442749	
920,	81.000000,	645.642456,	41.711693,	765.488647	
919,	82.000000,	916.433228,	822.558289,	550.089050	
918,	83.000000,	960.929199,	654.828552,	174.192535	
917,	84.000000,	171.506912,	936.636475,	599.986755	
916,	85.000000,	543.893738,	980.003296,	158.811218	
915,	86.000000,	789.415161,	11.071108,	661.634155	
914,	87.000000,	296.083466,	536.203125,	179.807953	
913,	88.000000,	273.743927,	67.621902,	509.316284	
912,	89.000000,	63.379833,	216.521713,	452.979126	
911,	90.000000,	729.659912,	220.458603,	449.103271	
910,	91.000000,	169.065430,	763.718567,	299.837250	
909,	92.000000,	480.781494,	821.276489,	895.466980	
908,	93.000000,	649.304688,	169.065430,	634.472717	
907,	94.000000,	558.115417,	145.383072,	855.457214	
906,	95.000000,	170.499802,	807.024353,	900.075317	
905,	96.000000,	870.563904,	938.101379,	114.467819	
904,	97.000000,	1000.633789,	939.444153,	301.607330	
903,	98.000000,	268.586304,	938.925354,	518.532898	
902,	99.000000,	595.195374,	656.323975,	886.433533	
901,	100.000000,	595.866760,	847.705505,	712.996826	
900,	101.000000,	471.290222,	984.825195,	25.567400	
899,	102.000000,	818.865540,	213.408829,	643.719788	
898,	103.000000,	199.675491,	424.200165,	274.140656	
897,	104.000000,	51.935390,	541.726929,	684.248413	
896,	105.000000,	676.557739,	173.917877,	557.382935	
895,	106.000000,	385.075439,	652.783813,	42.169468	
894,	107.000000,	462.043121,	441.748322,	274.567932	
893,	108.000000,	490.974670,	104.976563,	750.015808	
892,	109.000000,	23.034365,	71.314644,	349.216187	
891,	110.000000,	672.773438,	454.596619,	679.243347	
890,	111.000000,	312.014130,	942.526550,	618.297913	
889,	112.000000,	927.694519,	373.508942,	261.078735	
888,	113.000000,	381.718414,	794.420227,	358.982117	
887,	114.000000,	377.903595,	321.322266,	575.968689	
886,	115.000000,	801.042725,	928.030273,	333.346558	
885,	116.000000,	679.945251,	688.337891,	811.052795	
884,	117.000000,	621.624390,	286.134430,	606.914490	
883,	118.000000,	392.552490,	218.871643,	408.330536	
882,	119.000000,	680.097900,	308.870728,	697.188232	
881,	120.000000,	387.394836,	213.714005,	156.583359	
880,	121.000000,	224.242889,	347.690277,	452.643433	
879,	122.000000,	848.163330,	621.685425,	647.107361	
878,	123.000000,	354.709534,	914.876770,	581.370483	
877,	124.000000,	853.015747,	788.652222,	538.095276	
876,	125.000000,	696.425293,	274.506897,	62.037018	
875,	126.000000,	590.434509,	462.714539,	582.682800	
874,	127.000000,	185.667496,	467.933197,	907.430237	
873,	128.000000,	549.905884,	780.198608,	994.530090	
872,	129.000000,	1000.847412,	439.795135,	32.006805	
871,	130.000000,	179.777435,	507.424133,	78.364418	
870,	131.000000,	604.015259,	111.904266,	432.897949	
869,	132.000000,	138.577438,	907.582825,	766.129578	
868,	133.000000,	722.915344,	668.683960,	642.254944	
867,	134.000000,	10.918515,	370.212921,	395.940033	
866,	135.000000,	9.423109,		592.479248,	586.161926	
865,	136.000000,	837.329224,	505.745636,	378.758118	
864,	137.000000,	192.808838,	747.665833,	702.956238	
863,	138.000000,	645.093140,	892.262573,	937.307861	
862,	139.000000,	920.583740,	681.440674,	568.857910	
861,	140.000000,	989.891235,	197.172974,	503.639862	
860,	141.000000,	281.159912,	912.038574,	466.590393	
859,	142.000000,	949.149048,	99.300117,	245.575333	
858,	143.000000,	345.889679,	938.833801,	444.678101	
857,	144.000000,	674.329895,	440.497040,	186.216827	
856,	145.000000,	87.367378,	655.896667,	573.374634	
855,	146.000000,	135.037292,	458.564026,	110.317299	
854,	147.000000,	844.195923,	406.529968,	433.081055	
853,	148.000000,	696.608398,	924.978394,	538.034241	
852,	149.000000,	239.441116,	708.266479,	498.054962	
851,	150.000000,	293.397827,	652.753296,	119.411819	
850,	151.000000,	243.164368,	327.517548,	127.041443	
849,	152.000000,	812.456665,	279.267761,	484.901489	
848,	153.000000,	23.583696,	518.471863,	468.146820	
847,	154.000000,	514.962219,	590.953308,	502.205475	
846,	155.000000,	485.023560,	483.985931,	853.229370	
845,	156.000000,	521.767822,	63.654499,	666.059387	
844,	157.000000,	62.861019,	95.729454,	320.864502	
843,	158.000000,	193.541275,	874.195618,	607.494324	
842,	159.000000,	567.820251,	248.566147,	893.605347	
841,	160.000000,	279.084656,	513.863525,	76.777458	
840,	161.000000,	763.474426,	545.419678,	268.891479	
839,	162.000000,	604.808716,	434.942688,	859.943420	
838,	163.000000,	51.080875,	942.160339,	787.034729	
837,	164.000000,	463.385925,	5.943998,		549.417603	
836,	165.000000,	246.918152,	146.603806,	42.688286	
835,	166.000000,	353.610870,	569.376709,	538.736145	
834,	167.000000,	94.813896,	592.021484,	429.662994	
833,	168.000000,	951.987244,	710.372253,	665.815186	
832,	169.000000,	988.060181,	314.516663,	378.819153	
831,	170.000000,	784.776367,	80.531235,	222.289719	
830,	171.000000,	500.435394,	684.156860,	193.205566	
829,	172.000000,	641.186768,	404.454681,	195.128235	
828,	173.000000,	876.057251,	291.108948,	322.298859	
827,	174.000000,	950.034119,	752.121582,	242.676071	
826,	175.000000,	722.274475,	3.441481,		779.099915	
825,	176.000000,	758.286316,	911.641785,	650.891663	
824,	177.000000,	918.661072,	908.193237,	312.624512	
823,	178.000000,	225.646744,	870.716492,	993.797607	
822,	179.000000,	318.667175,	155.606766,	27.856289	
821,	180.000000,	308.229828,	136.502182,	60.938354	
820,	181.000000,	307.314270,	266.602600,	521.523682	
819,	182.000000,	174.314621,	15.526811,	436.254974	
818,	183.000000,	811.266418,	864.338135,	402.745667	
817,	184.000000,	498.756897,	164.457138,	543.863220	
816,	185.000000,	62.708427,	674.970764,	411.290833	
815,	186.000000,	744.430908,	835.101379,	644.055542	
814,	187.000000,	421.117798,	637.768677,	365.177368	
813,	188.000000,	487.831268,	394.078400,	785.997070	
812,	189.000000,	978.965637,	692.061157,	982.902527	
811,	190.000000,	401.433350,	28.008881,	735.305847	
810,	191.000000,	650.739075,	897.664307,	362.278107	
809,	192.000000,	297.060059,	172.056244,	12.413922	
808,	193.000000,	85.139534,	616.405762,	681.898438	
807,	194.000000,	284.547485,	248.627182,	31.945768	
806,	195.000000,	180.326767,	165.372696,	643.872375	
805,	196.000000,	235.076965,	898.488342,	546.060608	
804,	197.000000,	343.905975,	267.029846,	431.799286	
803,	198.000000,	982.414246,	154.355515,	791.551453	
802,	199.000000,	47.388134,	398.228912,	628.704712	
801,	200.000000,	674.024719,	71.406204,	548.105347	
800,	201.000000,	804.247192,	398.717224,	762.558899	
799,	202.000000,	21.661032,	315.035461,	354.953674	
798,	203.000000,	578.318665,	69.727684,	38.018951	
797,	204.000000,	523.721008,	240.265121,	34.173618	
796,	205.000000,	928.640625,	596.049927,	503.975555	
795,	206.000000,	662.458191,	201.842316,	54.102207	
794,	207.000000,	40.460434,	88.252419,	515.786194	
793,	208.000000,	246.643478,	335.482849,	759.323914	
792,	209.000000,	312.746582,	989.525024,	12.108737	
791,	210.000000,	93.867821,	975.486511,	723.128967	
790,	211.000000,	483.955414,	146.634323,	953.391113	
789,	212.000000,	757.736938,	344.241669,	66.095978	
788,	213.000000,	516.366089,	637.738159,	397.740631	
787,	214.000000,	623.943787,	291.414124,	156.430771	
786,	215.000000,	741.531616,	597.819946,	238.861267	
785,	216.000000,	52.576283,	800.645996,	289.247314	
784,	217.000000,	224.212372,	919.485046,	725.265259	
783,	218.000000,	957.236450,	842.120667,	358.524353	
782,	219.000000,	55.261909,	449.225342,	648.267090	
781,	220.000000,	908.132202,	58.954651,	810.686584	
780,	221.000000,	456.030975,	779.038879,	651.410461	
779,	222.000000,	154.263962,	853.687134,	927.816589	
778,	223.000000,	299.379456,	570.231262,	598.399841	
777,	224.000000,	499.184143,	819.048645,	358.768494	
776,	225.000000,	43.786949,	169.126465,	471.992157	
775,	226.000000,	366.306549,	256.745117,	419.378235	
774,	227.000000,	266.877258,	706.130188,	979.820129	
773,	228.000000,	274.690002,	871.998230,	645.398315	
772,	229.000000,	95.637901,	534.555115,	45.557022	
771,	230.000000,	939.047424,	749.985229,	30.084139	
770,	231.000000,	989.982788,	392.644043,	788.438599	
769,	232.000000,	937.765625,	535.897888,	934.591736	
768,	233.000000,	664.533447,	680.647217,	562.815247	
767,	234.000000,	979.606506,	474.403107,	449.286377	
766,	235.000000,	562.174377,	364.383881,	274.934143	
765,	236.000000,	872.608643,	749.344360,	636.792114	
764,	237.000000,	340.945679,	870.563904,	630.474792	
763,	238.000000,	979.789612,	518.593933,	219.665115	
762,	239.000000,	431.127869,	551.431824,	330.325226	
761,	240.000000,	862.842712,	291.902435,	522.012024	
760,	241.000000,	988.243286,	494.301178,	638.379089	
759,	242.000000,	590.007263,	971.885315,	451.422668	
758,	243.000000,	630.871521,	257.294434,	326.571472	
757,	244.000000,	444.250824,	100.581894,	646.039246	
756,	245.000000,	339.023010,	154.355515,	878.407166	
755,	246.000000,	137.082031,	745.773682,	233.856232	
754,	247.000000,	922.414856,	612.651978,	131.283524	
753,	248.000000,	736.374023,	150.449142,	583.110046	
752,	249.000000,	671.918884,	510.475983,	384.342987	
751,	250.000000,	980.277954,	881.336914,	587.809875	
750,	251.000000,	311.129089,	897.633789,	514.687561	
749,	252.000000,	95.912567,	868.671753,	59.229317	
748,	253.000000,	286.927917,	728.530762,	960.959717	
747,	254.000000,	298.494415,	561.808105,	302.858582	
746,	255.000000,	910.024353,	827.593811,	668.073608	
745,	256.000000,	436.865356,	550.180603,	579.478333	
744,	257.000000,	998.558533,	876.240356,	371.342102	
743,	258.000000,	403.478088,	548.990356,	503.426208	
742,	259.000000,	617.138184,	395.238098,	52.301613	
741,	260.000000,	559.519226,	744.614014,	143.063660	
740,	261.000000,	365.146851,	110.042633,	151.364700	
739,	262.000000,	171.506912,	262.177399,	286.378571	
738,	263.000000,	576.609619,	363.132629,	295.320496	
737,	264.000000,	333.743317,	82.057159,	640.423828	
736,	265.000000,	873.371582,	996.971558,	19.646809	
735,	266.000000,	688.551514,	218.596970,	275.575043	
734,	267.000000,	891.224915,	1000.420166,	356.784790	
733,	268.000000,	79.188423,	507.515717,	25.140141	
732,	269.000000,	796.373413,	814.531921,	351.993378	
731,	270.000000,	701.582886,	53.613911,	435.339417	
730,	271.000000,	556.101196,	157.315811,	679.487488	
729,	272.000000,	986.503723,	391.972626,	855.731873	
728,	273.000000,	944.845947,	173.338028,	689.192383	
727,	274.000000,	970.664612,	840.136963,	988.060181	
726,	275.000000,	81.355232,	271.577118,	545.663818	
725,	276.000000,	923.269348,	489.326660,	299.471008	
724,	277.000000,	28.954954,	805.528931,	746.506165	
723,	278.000000,	114.925598,	925.192017,	778.611633	
722,	279.000000,	773.576050,	399.815887,	357.120483	
721,	280.000000,	468.787720,	207.854462,	193.754913	
720,	281.000000,	850.848938,	862.842712,	894.246277	
719,	282.000000,	46.655689,	3.258370,		930.227600	
718,	283.000000,	143.490921,	868.427612,	57.978058	
717,	284.000000,	520.730225,	164.640244,	257.019775	
716,	285.000000,	45.526505,	568.583252,	577.281006	
715,	286.000000,	586.802795,	644.391235,	134.732101	
714,	287.000000,	410.100616,	637.219360,	418.706848	
713,	288.000000,	317.934723,	492.256439,	44.397320	
712,	289.000000,	589.763062,	566.477478,	643.384094	
711,	290.000000,	355.808197,	996.147583,	421.484009	
710,	291.000000,	568.735840,	969.749023,	400.304169	
709,	292.000000,	223.083191,	865.711426,	741.073853	
708,	293.000000,	796.739624,	810.686584,	47.784874	
707,	294.000000,	534.097351,	878.285095,	748.672974	
706,	295.000000,	992.576904,	503.792450,	317.141235	
705,	296.000000,	108.852409,	719.466736,	387.028625	
704,	297.000000,	16.442366,	340.609985,	904.286865	
703,	298.000000,	584.788574,	988.731567,	260.315765	
702,	299.000000,	35.913174,	316.439301,	17.693624	
701,	300.000000,	691.115051,	622.051697,	627.758606	
700,	301.000000,	759.507019,	784.257568,	349.918121	
699,	302.000000,	533.609009,	439.520477,	553.476563	
698,	303.000000,	608.501465,	76.655388,	801.317383	
697,	304.000000,	653.485718,	278.016510,	583.415222	
696,	305.000000,	463.538544,	933.615112,	193.602310	
695,	306.000000,	898.640930,	341.678131,	798.540222	
694,	307.000000,	188.780396,	879.627869,	290.040802	
693,	308.000000,	906.392639,	125.423965,	931.539856	
692,	309.000000,	621.075073,	236.450302,	816.240967	
691,	310.000000,	864.856934,	657.575195,	57.031982	
690,	311.000000,	245.941559,	856.525391,	974.693054	
689,	312.000000,	824.847168,	997.948120,	795.793518	
688,	313.000000,	487.342957,	547.586487,	291.719330	
687,	314.000000,	795.915588,	39.697472,	640.484863	
686,	315.000000,	538.430969,	153.409439,	652.905884	
685,	316.000000,	808.214600,	819.811584,	535.623230	
684,	317.000000,	87.153755,	983.573914,	197.447647	
683,	318.000000,	678.083679,	874.592346,	853.778687	
682,	319.000000,	258.393097,	372.959595,	479.041931	
681,	320.000000,	6.371258,		803.179016,	29.687399	
680,	321.000000,	739.029114,	225.036377,	82.759087	
679,	322.000000,	589.244263,	250.275192,	967.368591	
678,	323.000000,	490.577942,	72.901611,	843.799133	
677,	324.000000,	555.246643,	115.902191,	547.464417	
676,	325.000000,	815.905212,	109.829002,	64.692131	
675,	326.000000,	787.248352,	66.706352,	761.399170	
674,	327.000000,	954.428772,	414.922546,	802.873840	
673,	328.000000,	166.105133,	488.838379,	802.171936	
672,	329.000000,	960.746094,	860.767456,	519.204285	
671,	330.000000,	510.903259,	7.225776,		486.305328	
670,	331.000000,	497.963409,	557.382935,	273.103027	
669,	332.000000,	412.175873,	731.307922,	279.267761	
668,	333.000000,	476.203705,	792.100830,	336.886719	
667,	334.000000,	87.916718,	590.129333,	582.591248	
666,	335.000000,	312.685547,	886.311462,	715.072083	
665,	336.000000,	555.948547,	623.638611,	434.393341	
664,	337.000000,	106.624557,	838.336365,	711.959167	
663,	338.000000,	443.091125,	19.280586,	4.692739	
662,	339.000000,	337.619171,	677.900513,	520.455566	
661,	340.000000,	261.567047,	155.179504,	853.412476	
660,	341.000000,	931.509338,	748.734009,	933.065796	
659,	342.000000,	600.444580,	52.026947,	491.737640	
658,	343.000000,	821.764771,	286.256500,	823.595886	
657,	344.000000,	35.669025,	577.128418,	969.993164	
656,	345.000000,	588.969604,	291.963470,	144.986328	
655,	346.000000,	273.560822,	603.679504,	629.406616	
654,	347.000000,	513.314209,	450.568176,	955.466370	
653,	348.000000,	740.402466,	238.128815,	432.836914	
652,	349.000000,	548.227417,	313.967316,	549.692261	
651,	350.000000,	137.539810,	306.856506,	46.655689	
650,	351.000000,	444.891724,	814.806580,	258.881409	
649,	352.000000,	22.454512,	672.193604,	717.727173	
648,	353.000000,	649.304688,	993.278809,	15.435255	
647,	354.000000,	876.057251,	744.827637,	590.892273	
646,	355.000000,	782.853699,	254.395187,	484.077484	
645,	356.000000,	1.976592,		907.064026,	76.716423	
644,	357.000000,	629.467651,	137.143066,	563.120422	
643,	358.000000,	597.728394,	577.311523,	825.335449	
642,	359.000000,	709.975464,	103.175972,	482.673645	
641,	360.000000,	64.905762,	462.226227,	419.683441	
640,	361.000000,	854.450134,	862.812195,	698.164856	
639,	362.000000,	715.621399,	277.772369,	692.488403	
638,	363.000000,	810.320374,	874.317688,	419.622406	
637,	364.000000,	102.535080,	4.997925,		220.733261	
636,	365.000000,	973.563843,	506.813782,	56.787834	
635,	366.000000,	882.923889,	700.514771,	687.513855	
634,	367.000000,	924.307007,	569.407227,	221.313126	
633,	368.000000,	42.261024,	133.633438,	44.092136	
632,	369.000000,	717.605103,	106.960266,	335.757538	
631,	370.000000,	79.310493,	196.898315,	384.678711	
630,	371.000000,	943.655701,	169.034912,	478.797791	
629,	372.000000,	12.932737,	256.012665,	782.670593	
628,	373.000000,	557.688110,	300.050873,	973.685913	
627,	374.000000,	441.565216,	499.001038,	661.603638	
626,	375.000000,	514.351868,	398.717224,	524.697632	
625,	376.000000,	988.792603,	33.044434,	203.368240	
624,	377.000000,	444.556030,	979.606506,	553.385010	
623,	378.000000,	931.600891,	89.503677,	464.179413	
622,	379.000000,	116.695671,	364.139740,	902.882996	
621,	380.000000,	255.524368,	354.923157,	892.842407	
620,	381.000000,	346.438995,	556.711548,	393.559601	
619,	382.000000,	436.651733,	276.917847,	456.336151	
618,	383.000000,	490.822083,	149.014771,	949.515259	
617,	384.000000,	542.703552,	319.704803,	197.050903	
616,	385.000000,	804.674438,	168.760254,	298.585999	
615,	386.000000,	394.627747,	694.350037,	398.350983	
614,	387.000000,	876.881226,	969.993164,	703.780212	
613,	388.000000,	165.616837,	182.279953,	249.451187	
612,	389.000000,	225.433121,	678.510925,	935.446228	
611,	390.000000,	538.553040,	441.046387,	597.392700	
610,	391.000000,	38.293617,	981.376587,	868.061401	
609,	392.000000,	20.745476,	742.904968,	679.823181	
608,	393.000000,	126.919373,	808.458740,	806.139343	
607,	394.000000,	853.992310,	585.246338,	274.171173	
606,	395.000000,	537.179688,	324.648804,	35.089176	
605,	396.000000,	778.550598,	144.070770,	99.300117	
604,	397.000000,	59.900723,	253.327042,	284.791626	
603,	398.000000,	343.051453,	246.948669,	189.207642	
602,	399.000000,	230.163483,	515.389465,	901.875854	
601,	400.000000,	117.122925,	544.137939,	954.337219	
600,	401.000000,	421.209351,	115.261299,	687.849548	
599,	402.000000,	688.978760,	979.789612,	372.715454	
598,	403.000000,	453.833649,	762.040100,	688.307373	
597,	404.000000,	340.976196,	636.731079,	843.097229	
596,	405.000000,	878.315613,	504.494354,	846.057556	
595,	406.000000,	414.403717,	670.057312,	301.729401	
594,	407.000000,	868.488647,	309.908356,	480.079559	
593,	408.000000,	227.844086,	484.596313,	889.363281	
592,	409.000000,	624.187988,	650.220276,	147.488846	
591,	410.000000,	628.124878,	672.681885,	368.168182	
590,	411.000000,	428.442230,	404.637817,	713.698730	
589,	412.000000,	448.035126,	636.792114,	265.870148	
588,	413.000000,	180.815063,	364.841675,	519.784119	
587,	414.000000,	953.085938,	401.677521,	981.956421	
586,	415.000000,	448.676025,	968.192627,	523.232727	
585,	416.000000,	399.876923,	997.520874,	462.653503	
584,	417.000000,	970.512024,	205.351944,	320.620361	
583,	418.000000,	729.751465,	94.661308,	152.158173	
582,	419.000000,	235.321121,	581.675659,	166.684982	
581,	420.000000,	804.735474,	415.929657,	392.583008	
580,	421.000000,	373.142700,	176.054169,	605.174927	
579,	422.000000,	88.954346,	970.176331,	890.889221	
578,	423.000000,	249.664810,	868.580200,	251.770599	
577,	424.000000,	905.538086,	465.400146,	929.006836	
576,	425.000000,	488.960449,	315.584808,	739.364807	
575,	426.000000,	987.297180,	495.827118,	282.899475	
574,	427.000000,	274.049103,	871.998230,	978.721497	
573,	428.000000,	612.774048,	380.680786,	968.497803	
572,	429.000000,	324.862427,	12.871700,	827.288635	
571,	430.000000,	799.242126,	987.083557,	565.073608	
570,	431.000000,	548.441040,	519.906189,	119.686485	
569,	432.000000,	441.382080,	622.448425,	613.018188	
568,	433.000000,	623.455505,	395.207581,	922.262268	
567,	434.000000,	559.824402,	254.334152,	59.473465	
566,	435.000000,	346.530579,	772.019653,	953.391113	
565,	436.000000,	582.316589,	37.225471,	564.707397	
564,	437.000000,	53.217171,	632.275391,	489.387695	
563,	438.000000,	451.270081,	518.105652,	303.438416	
562,	439.000000,	960.013672,	542.001648,	873.096924	
561,	440.000000,	952.811279,	81.935089,	327.395447	
560,	441.000000,	979.148743,	499.916595,	89.198494	
559,	442.000000,	627.575500,	310.030426,	221.038452	
558,	443.000000,	559.610779,	988.792603,	887.684753	
557,	444.000000,	568.705322,	81.477310,	308.596069	
556,	445.000000,	531.594788,	47.632282,	750.443054	
555,	446.000000,	970.756165,	579.325745,	678.938171	
554,	447.000000,	902.242126,	271.027771,	733.749390	
553,	448.000000,	83.003235,	988.517944,	415.563446	
552,	449.000000,	193.480240,	713.210449,	1.213630	
551,	450.000000,	872.364502,	722.945862,	271.027771	
550,	451.000000,	352.145966,	357.822418,	817.888916	
549,	452.000000,	834.063782,	613.659058,	239.227478	
548,	453.000000,	623.119812,	728.195068,	27.215399	
547,	454.000000,	634.442200,	758.194763,	675.275940	
546,	455.000000,	185.667496,	990.165955,	707.778137	
545,	456.000000,	247.253860,	795.457825,	419.866547	
544,	457.000000,	932.485962,	158.383957,	925.314087	
543,	458.000000,	583.049011,	356.937378,	426.366974	
542,	459.000000,	647.595642,	386.204620,	390.782410	
541,	460.000000,	934.103455,	478.248444,	287.965546	
540,	461.000000,	139.279373,	422.857361,	521.889893	
539,	462.000000,	488.441620,	959.677917,	448.614990	
538,	463.000000,	728.500244,	784.867920,	19.127995	
537,	464.000000,	332.156342,	167.173279,	374.485504	
536,	465.000000,	11.589923,	635.052551,	724.288696	
535,	466.000000,	385.990997,	688.368408,	191.710159	
534,	467.000000,	131.222473,	420.476898,	359.745087	
533,	468.000000,	229.888824,	728.866455,	883.808899	
532,	469.000000,	23.644733,	609.905273,	874.165100	
531,	470.000000,	390.812927,	277.284058,	714.400696	
530,	471.000000,	396.153656,	23.431105,	668.348267	
529,	472.000000,	19.890957,	6.462813,		723.373108	
528,	473.000000,	641.980225,	880.970703,	71.619827	
527,	474.000000,	600.597168,	739.578430,	558.664734	
526,	475.000000,	652.539673,	439.612030,	205.779205	
525,	476.000000,	24.468733,	218.078156,	183.805878	
524,	477.000000,	660.199829,	570.750061,	938.772766	
523,	478.000000,	679.823181,	989.341919,	758.957703	
522,	479.000000,	966.422546,	462.592468,	115.963226	
521,	480.000000,	737.320068,	606.914490,	863.208923	
520,	481.000000,	801.439453,	458.655579,	791.337830	
519,	482.000000,	219.665115,	137.448257,	829.943726	
518,	483.000000,	752.426758,	472.999268,	883.686829	
517,	484.000000,	324.648804,	312.288788,	928.884766	
516,	485.000000,	307.100647,	89.503677,	687.666443	
515,	486.000000,	466.773499,	679.853699,	76.228127	
514,	487.000000,	219.054749,	977.714355,	91.243233	
513,	488.000000,	230.285568,	930.105530,	311.403748	
512,	489.000000,	730.636536,	267.273987,	322.756653	
511,	490.000000,	515.023254,	297.212646,	68.629021	
510,	491.000000,	315.798431,	643.445129,	693.007202	
509,	492.000000,	227.630447,	731.429993,	923.757629	
508,	493.000000,	655.286316,	777.055176,	237.518448	
507,	494.000000,	554.025940,	484.748901,	629.620239	
506,	495.000000,	150.876404,	918.386414,	525.704712	
505,	496.000000,	762.894592,	8.110813,		499.184143	
504,	497.000000,	554.148010,	679.243347,	310.488190	
503,	498.000000,	267.792816,	730.819641,	172.544540	
502,	499.000000,	348.697388,	835.070862,	274.354279	
501,	500.000000,	932.882690,	514.046692,	142.850037	
500,	501.000000,	511.971405,	20.135105,	2.068148	
499,	502.000000,	977.927979,	462.958679,	738.449280	
498,	503.000000,	315.310120,	89.015381,	611.705872	
497,	504.000000,	941.549927,	470.832458,	189.268692	
496,	505.000000,	26.543993,	301.881989,	319.124939	
495,	506.000000,	624.065918,	480.567871,	573.161011	
494,	507.000000,	880.818115,	986.351135,	730.331360	
493,	508.000000,	378.636047,	106.868706,	460.669800	
492,	509.000000,	609.386475,	555.948547,	969.260742	
491,	510.000000,	176.756104,	92.372414,	589.946167	
490,	511.000000,	287.477234,	354.160187,	986.076477	
489,	512.000000,	164.335068,	198.180084,	519.143250	
488,	513.000000,	403.539154,	364.292328,	673.139648	
487,	514.000000,	575.144714,	677.869995,	560.038086	
486,	515.000000,	992.607422,	7.988739,		871.632019	
485,	516.000000,	503.853485,	579.936096,	7.073184	
484,	517.000000,	538.156311,	670.972839,	103.755821	
483,	518.000000,	783.921814,	891.194397,	375.828339	
482,	519.000000,	253.937408,	869.037964,	38.720879	
481,	520.000000,	695.235046,	97.621597,	668.836548	
480,	521.000000,	437.902985,	728.958008,	421.728180	
479,	522.000000,	63.257759,	226.592819,	229.980377	
478,	523.000000,	967.887390,	326.052643,	588.206665	
477,	524.000000,	134.732101,	966.208923,	147.977142	
476,	525.000000,	806.169861,	25.292734,	874.378723	
475,	526.000000,	45.495987,	163.724686,	54.102207	
474,	527.000000,	727.523621,	934.896912,	346.194855	
473,	528.000000,	363.163147,	6.371258,		153.867218	
472,	529.000000,	500.893188,	528.512451,	428.716919	
471,	530.000000,	711.898132,	611.888977,	61.274055	
470,	531.000000,	570.994202,	49.707542,	345.370850	
469,	532.000000,	496.651123,	726.516541,	90.693901	
468,	533.000000,	21.844143,	102.046783,	906.087463	
467,	534.000000,	863.666687,	871.754089,	735.641541	
466,	535.000000,	387.211731,	479.652313,	230.224518	
465,	536.000000,	886.464050,	718.917419,	743.515320	
464,	537.000000,	827.960022,	427.496155,	587.321594	
463,	538.000000,	181.150757,	833.605957,	112.911377	
462,	539.000000,	449.255859,	764.481567,	804.765991	
461,	540.000000,	350.620056,	339.419739,	114.437302	
460,	541.000000,	203.093567,	281.343018,	757.736938	
459,	542.000000,	464.270966,	630.413757,	696.028564	
458,	543.000000,	42.962952,	163.297440,	441.473633	
457,	544.000000,	821.856323,	139.035217,	3.319407	
456,	545.000000,	890.126282,	508.980591,	160.001434	
455,	546.000000,	148.526474,	464.972900,	848.804199	
454,	547.000000,	660.291382,	949.881470,	570.566956	
453,	548.000000,	755.173401,	15.984589,	425.817657	
452,	549.000000,	210.601120,	539.621155,	824.206299	
451,	550.000000,	690.138489,	829.455444,	12.230811	
450,	551.000000,	725.600952,	108.242043,	967.917908	
449,	552.000000,	138.852112,	557.535522,	463.508026	
448,	553.000000,	890.004211,	786.302307,	243.378006	
447,	554.000000,	914.083313,	836.230591,	586.863831	
446,	555.000000,	324.221527,	22.637623,	60.541611	
445,	556.000000,	453.040161,	539.743225,	639.233582	
444,	557.000000,	306.520813,	773.911743,	363.743011	
443,	558.000000,	918.783142,	879.139587,	824.419922	
442,	559.000000,	901.540161,	255.036072,	968.650391	
441,	560.000000,	418.889954,	54.315838,	411.565521	
440,	561.000000,	382.756042,	339.877533,	357.944489	
439,	562.000000,	631.054626,	343.081970,	573.496704	
438,	563.000000,	401.311279,	4.631702,		502.235992	
437,	564.000000,	882.954407,	231.292679,	882.374573	
436,	565.000000,	838.244812,	750.870300,	650.372864	
435,	566.000000,	605.480103,	581.584106,	222.381271	
434,	567.000000,	812.761841,	342.593689,	832.324219	
433,	568.000000,	679.579041,	25.842066,	310.549255	
432,	569.000000,	22.423994,	78.852715,	163.053284	
431,	570.000000,	161.283218,	880.451904,	682.630920	
430,	571.000000,	593.974609,	815.783142,	53.858059	
429,	572.000000,	816.179932,	38.507248,	526.803406	
428,	573.000000,	46.594654,	681.257568,	251.190735	
427,	574.000000,	451.270081,	626.629456,	757.675903	
426,	575.000000,	941.580444,	513.741455,	360.782715	
425,	576.000000,	823.870544,	837.451294,	841.845947	
424,	577.000000,	432.867432,	127.804405,	296.663330	
423,	578.000000,	555.765442,	400.914551,	739.944641	
422,	579.000000,	374.363434,	191.954315,	50.531540	
421,	580.000000,	618.389465,	751.083923,	543.222351	
420,	581.000000,	999.931824,	418.950989,	428.747437	
419,	582.000000,	195.921722,	213.103638,	579.997131	
418,	583.000000,	600.566650,	545.755371,	77.754051	
417,	584.000000,	714.278625,	600.627686,	573.161011	
416,	585.000000,	203.795502,	838.519470,	340.243744	
415,	586.000000,	159.940399,	598.521912,	472.083710	
414,	587.000000,	136.624252,	228.118744,	375.431580	
413,	588.000000,	136.349594,	340.426849,	482.124298	
412,	589.000000,	652.295532,	285.249390,	668.348267	
411,	590.000000,	35.791100,	794.786438,	199.065125	
410,	591.000000,	647.229431,	705.763916,	662.336121	
409,	592.000000,	872.242432,	75.465164,	251.495926	
408,	593.000000,	12.047701,	426.550110,	908.559448	
407,	594.000000,	344.394257,	717.116821,	81.019531	
406,	595.000000,	474.220001,	546.274231,	955.710510	
405,	596.000000,	209.624527,	424.627441,	79.096863	
404,	597.000000,	27.215399,	518.075134,	330.447296	
403,	598.000000,	666.944397,	951.529480,	871.296326	
402,	599.000000,	324.068939,	231.262161,	507.515717	
401,	600.000000,	802.141418,	698.073303,	721.297852	
400,	601.000000,	867.634094,	233.245850,	864.490723	
399,	602.000000,	860.126587,	484.108002,	443.121643	
398,	603.000000,	582.286072,	88.221901,	383.641083	
397,	604.000000,	807.268494,	858.234436,	485.511871	
396,	605.000000,	526.345642,	346.225372,	427.923431	
395,	606.000000,	952.963867,	385.472168,	611.553284	
394,	607.000000,	223.296829,	435.492004,	403.966400	
393,	608.000000,	940.603882,	732.589722,	467.078674	
392,	609.000000,	484.626831,	612.194214,	659.070618	
391,	610.000000,	819.079163,	169.034912,	933.370972	
390,	611.000000,	785.051025,	533.792114,	662.915955	
389,	612.000000,	789.567749,	447.028015,	123.684410	
388,	613.000000,	362.949524,	688.520996,	528.512451	
387,	614.000000,	218.047638,	41.925320,	829.791138	
386,	615.000000,	376.621826,	438.055573,	348.544800	
385,	616.000000,	230.804382,	548.868286,	781.693970	
384,	617.000000,	777.543457,	440.954834,	796.068237	
383,	618.000000,	299.684662,	767.136658,	874.653381	
382,	619.000000,	188.017426,	343.631317,	79.432571	
381,	620.000000,	294.801697,	787.980774,	167.661575	
380,	621.000000,	120.449448,	478.065338,	782.090759	
379,	622.000000,	164.945435,	355.716644,	592.875977	
378,	623.000000,	470.283112,	520.180908,	477.821198	
377,	624.000000,	321.535919,	24.712881,	559.183533	
376,	625.000000,	482.307404,	258.026886,	422.002838	
375,	626.000000,	577.281006,	307.955170,	611.950012	
374,	627.000000,	455.481628,	427.282532,	197.600235	
373,	628.000000,	750.900818,	233.978302,	648.480713	
372,	629.000000,	436.254974,	611.492249,	72.962646	
371,	630.000000,	417.943878,	622.021179,	511.208435	
370,	631.000000,	184.660385,	105.403824,	126.705742	
369,	632.000000,	391.514862,	73.176277,	712.722168	
368,	633.000000,	902.303162,	24.194067,	40.948730	
367,	634.000000,	979.514954,	288.911621,	211.577713	
366,	635.000000,	712.813721,	436.071869,	981.376587	
365,	636.000000,	512.154541,	983.848572,	184.660385	
364,	637.000000,	810.076233,	523.141174,	297.426270	
363,	638.000000,	690.718323,	492.592163,	250.519333	
362,	639.000000,	659.406311,	364.902710,	12.169774	
361,	640.000000,	598.643982,	294.923767,	217.620377	
360,	641.000000,	779.527161,	509.682526,	354.312775	
359,	642.000000,	366.916931,	233.917267,	785.356201	
358,	643.000000,	573.679810,	681.196533,	40.216286	
357,	644.000000,	120.998779,	296.968506,	337.863312	
356,	645.000000,	537.698486,	384.251434,	765.824341	
355,	646.000000,	579.478333,	596.965454,	668.592407	
354,	647.000000,	82.881165,	448.004608,	541.696411	
353,	648.000000,	154.019806,	755.600647,	779.344055	
352,	649.000000,	290.681702,	305.361084,	225.829865	
351,	650.000000,	238.281418,	376.988037,	439.825653	
350,	651.000000,	292.604370,	676.496704,	1000.511719	
349,	652.000000,	194.731491,	833.300781,	593.059082	
348,	653.000000,	769.486572,	927.328308,	730.056702	
347,	654.000000,	980.796753,	288.301239,	576.853760	
346,	655.000000,	407.537079,	337.680206,	246.857117	
345,	656.000000,	21.447401,	888.142578,	126.308998	
344,	657.000000,	168.210907,	459.998383,	771.195618	
343,	658.000000,	461.280151,	470.832458,	850.604797	
342,	659.000000,	42.138950,	306.581848,	1.244148	
341,	660.000000,	937.155273,	118.099518,	964.225220	
340,	661.000000,	694.014343,	895.100769,	35.943695	
339,	662.000000,	134.610031,	514.657043,	127.224556	
338,	663.000000,	189.177124,	330.966125,	342.013824	
337,	664.000000,	241.516373,	520.119873,	928.182861	
336,	665.000000,	946.554993,	741.562134,	573.069458	
335,	666.000000,	627.667053,	720.382324,	461.341187	
334,	667.000000,	315.310120,	619.854309,	315.523773	
333,	668.000000,	275.300354,	131.924408,	224.670151	
332,	669.000000,	846.759460,	114.986633,	900.502563	
331,	670.000000,	292.299164,	815.020203,	823.840027	
330,	671.000000,	552.316895,	144.436996,	407.842255	
329,	672.000000,	880.696045,	26.177771,	338.351593	
328,	673.000000,	332.949829,	524.148315,	20.898067	
327,	674.000000,	33.990509,	841.418701,	308.260345	
326,	675.000000,	452.918091,	246.216217,	96.278786	
325,	676.000000,	621.258179,	25.262215,	762.711487	
324,	677.000000,	543.435974,	198.271652,	814.257263	
323,	678.000000,	9.453628,		440.436005,	159.665726	
322,	679.000000,	279.634003,	644.757446,	199.950165	
321,	680.000000,	605.754761,	605.296997,	162.473434	
320,	681.000000,	703.871765,	299.654144,	775.773376	
319,	682.000000,	287.080505,	244.263046,	469.123413	
318,	683.000000,	295.808807,	440.313934,	247.681107	
317,	684.000000,	258.789856,	958.579285,	61.792870	
316,	685.000000,	438.849060,	864.185547,	568.705322	
315,	686.000000,	64.081757,	600.078369,	878.315613	
314,	687.000000,	27.062807,	203.978607,	582.499695	
313,	688.000000,	882.923889,	683.027649,	650.952698	
312,	689.000000,	725.845093,	814.501404,	360.080780	
311,	690.000000,	534.219421,	342.227448,	137.478775	
310,	691.000000,	962.455139,	749.405396,	421.026245	
309,	692.000000,	355.075745,	66.981018,	806.383484	
308,	693.000000,	210.387497,	889.149658,	408.544189	
307,	694.000000,	999.351990,	832.324219,	860.736938	
306,	695.000000,	663.556824,	680.219971,	586.741760	
305,	696.000000,	802.019348,	439.032166,	917.196167	
304,	697.000000,	101.680565,	831.317078,	872.700195	
303,	698.000000,	318.941833,	985.313477,	322.085236	
302,	699.000000,	750.961853,	306.246124,	135.861298	
301,	700.000000,	597.453735,	550.272156,	612.102661	
300,	701.000000,	366.581238,	681.227051,	309.114868	
299,	702.000000,	291.597260,	500.862671,	636.853149	
298,	703.000000,	735.855164,	22.912291,	594.585022	
297,	704.000000,	525.796265,	459.357483,	980.461060	
296,	705.000000,	441.565216,	515.725159,	828.509399	
295,	706.000000,	61.335094,	18.639698,	170.866028	
294,	707.000000,	166.654465,	747.177551,	26.177771	
293,	708.000000,	455.115417,	887.562683,	381.291138	
292,	709.000000,	180.723495,	479.011414,	378.636047	
291,	710.000000,	143.521439,	415.838104,	522.469788	
290,	711.000000,	58.405315,	503.578827,	647.290466	
289,	712.000000,	364.078705,	513.741455,	433.844025	
288,	713.000000,	259.095032,	447.943573,	123.348701	
287,	714.000000,	163.541580,	966.361511,	920.309082	
286,	715.000000,	74.397018,	755.051331,	211.425125	
285,	716.000000,	65.790794,	177.244385,	283.570892	
284,	717.000000,	749.527466,	176.084686,	385.655304	
283,	718.000000,	901.936890,	579.875061,	380.802856	
282,	719.000000,	428.320160,	570.933167,	879.048035	
281,	720.000000,	472.999268,	457.953644,	737.320068	
280,	721.000000,	92.402939,	259.705414,	124.050629	
279,	722.000000,	740.219360,	839.862244,	469.520172	
278,	723.000000,	975.944275,	227.142151,	792.619629	
277,	724.000000,	747.604797,	601.878906,	361.240479	
276,	725.000000,	176.572983,	770.188538,	411.260315	
275,	726.000000,	100.673454,	59.137760,	9.270516	
274,	727.000000,	464.942383,	331.545990,	75.465164	
273,	728.000000,	179.228088,	261.261841,	135.617142	
272,	729.000000,	750.290466,	895.802673,	882.984924	
271,	730.000000,	974.052185,	71.680870,	579.722473	
270,	731.000000,	411.992767,	68.293312,	473.395996	
269,	732.000000,	135.586624,	17.907255,	759.751160	
268,	733.000000,	881.092773,	437.292603,	626.598938	
267,	734.000000,	128.811523,	979.637024,	151.273148	
266,	735.000000,	574.961609,	655.377869,	357.303589	
265,	736.000000,	929.220459,	158.567062,	201.201416	
264,	737.000000,	683.210754,	500.710083,	478.004303	
263,	738.000000,	96.095673,	573.923950,	698.103821	
262,	739.000000,	490.059113,	608.654053,	306.215607	
261,	740.000000,	943.625183,	670.667664,	583.079529	
260,	741.000000,	31.365917,	231.018005,	195.067200	
259,	742.000000,	523.415833,	647.961853,	132.778931	
258,	743.000000,	42.016876,	906.148499,	988.945190	
257,	744.000000,	863.300476,	927.938660,	2.342814	
256,	745.000000,	479.499695,	930.715881,	477.393921	
255,	746.000000,	991.508728,	921.926514,	407.353943	
254,	747.000000,	536.355713,	646.741150,	563.334045	
253,	748.000000,	350.864197,	33.959991,	374.363434	
252,	749.000000,	103.511673,	406.804626,	299.776215	
251,	750.000000,	887.654236,	797.746704,	124.142189	
250,	751.000000,	241.852081,	296.693848,	312.014130	
249,	752.000000,	15.099551,	292.817993,	895.924744	
248,	753.000000,	486.427399,	890.187317,	529.641602	
247,	754.000000,	429.632477,	662.732849,	499.764008	
246,	755.000000,	873.341064,	117.519669,	732.986450	
245,	756.000000,	13.878811,	775.285095,	221.343643	
244,	757.000000,	564.921021,	370.945374,	295.778290	
243,	758.000000,	433.569366,	960.562988,	26.788141	
242,	759.000000,	981.803833,	869.739868,	804.125122	
241,	760.000000,	135.617142,	449.500031,	945.517334	
240,	761.000000,	556.131714,	693.495483,	78.211830	
239,	762.000000,	919.851257,	748.886597,	676.313599	
238,	763.000000,	722.091370,	385.228027,	640.393311	
237,	764.000000,	702.956238,	845.233521,	486.732605	
236,	765.000000,	682.936096,	255.097107,	987.449768	
235,	766.000000,	150.388107,	961.966797,	985.038818	
234,	767.000000,	965.903687,	103.053894,	262.207916	
233,	768.000000,	142.422775,	719.344666,	964.347290	
232,	769.000000,	917.043579,	651.807190,	201.567642	
231,	770.000000,	191.771210,	96.889160,	871.174255	
230,	771.000000,	229.492081,	161.405289,	693.983765	
229,	772.000000,	564.036011,	692.732544,	163.663651	
228,	773.000000,	458.380890,	115.261299,	30.908140	
227,	774.000000,	597.118042,	542.764587,	522.530823	
226,	775.000000,	384.556641,	140.194916,	111.354927	
225,	776.000000,	194.029572,	326.174713,	183.195496	
224,	777.000000,	169.584244,	84.590195,	577.799805	
223,	778.000000,	300.935913,	270.844666,	200.591049	
222,	779.000000,	620.800415,	47.784874,	256.287323	
221,	780.000000,	5.364147,		604.717163,	856.403320	
220,	781.000000,	684.217896,	756.211060,	461.280151	
219,	782.000000,	320.742432,	105.007080,	304.323456	
218,	783.000000,	629.559204,	645.672974,	838.244812	
217,	784.000000,	388.890259,	298.677551,	543.497009	
216,	785.000000,	407.628632,	956.595581,	574.625916	
215,	786.000000,	359.012634,	290.986877,	537.484863	
214,	787.000000,	476.722534,	704.482178,	140.317001	
213,	788.000000,	209.319351,	170.866028,	385.472168	
212,	789.000000,	129.147217,	180.448837,	345.035156	
211,	790.000000,	899.129211,	583.110046,	523.354797	
210,	791.000000,	133.786041,	285.707184,	549.753296	
209,	792.000000,	89.869896,	497.658234,	615.154480	
208,	793.000000,	464.362518,	139.248840,	464.118378	
207,	794.000000,	889.515869,	567.362488,	710.311218	
206,	795.000000,	135.983368,	642.590637,	230.346603	
205,	796.000000,	268.983032,	873.707275,	18.395550	
204,	797.000000,	846.149109,	662.702332,	557.443970	
203,	798.000000,	608.989746,	439.825653,	912.252197	
202,	799.000000,	336.123749,	833.544922,	656.720703	
201,	800.000000,	873.280029,	768.387939,	139.615067	
200,	801.000000,	283.387756,	297.761993,	762.711487	
199,	802.000000,	808.092529,	958.396179,	327.456482	
198,	803.000000,	222.625412,	642.560120,	228.240814	
197,	804.000000,	949.942505,	803.148499,	325.045532	
196,	805.000000,	606.029480,	448.889648,	684.706177	
195,	806.000000,	718.886902,	787.553528,	379.978851	
194,	807.000000,	771.256653,	899.892151,	682.295227	
193,	808.000000,	103.053894,	217.986603,	197.783356	
192,	809.000000,	415.014099,	402.501526,	695.875916	
191,	810.000000,	28.130955,	954.367737,	226.501266	
190,	811.000000,	298.219757,	796.861694,	524.453491	
189,	812.000000,	76.899536,	496.590088,	658.124573	
188,	813.000000,	456.214081,	80.561752,	51.508133	
187,	814.000000,	407.079285,	634.289612,	273.682892	
186,	815.000000,	284.516968,	288.545410,	195.647049	
185,	816.000000,	130.245880,	617.870605,	3.014222	
184,	817.000000,	637.066772,	865.925049,	788.072388	
183,	818.000000,	691.206604,	986.198547,	548.318970	
182,	819.000000,	639.325134,	178.129425,	194.060089	
181,	820.000000,	545.663818,	903.706970,	258.637268	
180,	821.000000,	404.149506,	343.997528,	873.310547	
179,	822.000000,	304.689697,	254.700363,	265.320801	
178,	823.000000,	371.830414,	976.737793,	870.716492	
177,	824.000000,	116.970337,	930.837952,	319.124939	
176,	825.000000,	701.216675,	304.109833,	577.494629	
175,	826.000000,	22.393475,	858.997375,	436.346527	
174,	827.000000,	139.859222,	132.046478,	118.007965	
173,	828.000000,	959.494812,	476.112152,	986.381653	
172,	829.000000,	225.890900,	844.409546,	533.578491	
171,	830.000000,	663.587341,	686.415222,	863.392029	
170,	831.000000,	644.421753,	720.534912,	669.446899	
169,	832.000000,	485.694977,	963.614807,	503.243103	
168,	833.000000,	203.948090,	923.788147,	456.030975	
167,	834.000000,	810.991760,	310.457672,	360.782715	
166,	835.000000,	338.351593,	195.372391,	229.125854	
165,	836.000000,	891.133362,	382.450836,	675.306458	
164,	837.000000,	399.907440,	205.229858,	986.290100	
163,	838.000000,	149.167358,	350.803162,	549.600708	
162,	839.000000,	418.676331,	285.554596,	150.662766	
161,	840.000000,	993.522949,	144.131805,	173.826324	
160,	841.000000,	582.713318,	533.639526,	634.075989	
159,	842.000000,	515.664124,	694.807800,	67.866051	
158,	843.000000,	570.353333,	638.775818,	883.168030	
157,	844.000000,	769.333984,	848.102295,	114.254189	
156,	845.000000,	165.372696,	892.293091,	283.143616	
155,	846.000000,	258.698303,	799.333679,	540.750366	
154,	847.000000,	431.127869,	302.187164,	903.676453	
153,	848.000000,	431.310974,	423.956024,	503.822968	
152,	849.000000,	236.969116,	181.425430,	230.255051	
151,	850.000000,	995.354065,	791.032654,	154.050323	
150,	851.000000,	245.697403,	634.991516,	354.923157	
149,	852.000000,	390.721375,	620.006958,	652.112427	
148,	853.000000,	706.069153,	663.068542,	225.982452	
147,	854.000000,	363.926117,	584.544434,	175.260696	
146,	855.000000,	678.114197,	746.200989,	106.594040	
145,	856.000000,	948.111450,	305.452637,	138.241730	
144,	857.000000,	774.339050,	415.380310,	486.427399	
143,	858.000000,	864.246582,	736.709717,	265.259766	
142,	859.000000,	251.007629,	51.691246,	459.418518	
141,	860.000000,	56.360577,	556.589478,	428.411713	
140,	861.000000,	458.716614,	640.820557,	144.162323	
139,	862.000000,	379.307434,	256.165253,	925.069946	
138,	863.000000,	380.741821,	44.122654,	210.326462	
137,	864.000000,	999.992859,	994.285950,	737.533691	
136,	865.000000,	381.596344,	171.140686,	107.479080	
135,	866.000000,	472.663574,	86.512863,	921.010986	
134,	867.000000,	476.844604,	869.434692,	297.945099	
133,	868.000000,	333.621246,	342.563171,	228.881714	
132,	869.000000,	546.762512,	13.939848,	796.770142	
131,	870.000000,	54.773613,	482.276886,	32.098362	
130,	871.000000,	74.641167,	803.819885,	746.780823	
129,	872.000000,	924.673218,	676.679810,	145.291519	
128,	873.000000,	320.895020,	283.418274,	726.150330	
127,	874.000000,	512.307129,	995.903381,	963.706360	
126,	875.000000,	470.130524,	224.670151,	129.025146	
125,	876.000000,	442.755432,	328.860352,	965.781616	
124,	877.000000,	338.778870,	360.080780,	400.060028	
123,	878.000000,	893.910522,	295.198425,	770.310608	
122,	879.000000,	824.999756,	169.767365,	262.726746	
121,	880.000000,	140.469589,	921.804443,	181.303360	
120,	881.000000,	550.851990,	622.570496,	492.775269	
119,	882.000000,	246.704514,	529.458496,	632.824707	
118,	883.000000,	211.608231,	77.723534,	364.811157	
117,	884.000000,	268.738892,	497.230957,	783.433533	
116,	885.000000,	132.321152,	595.408997,	779.832336	
115,	886.000000,	696.699951,	462.897644,	332.095306	
114,	887.000000,	566.080750,	803.911438,	378.300323	
113,	888.000000,	970.695129,	209.166748,	59.534500	
112,	889.000000,	472.449921,	856.586426,	790.361267	
111,	890.000000,	366.886414,	94.844414,	264.252655	
110,	891.000000,	17.998810,	505.715118,	691.816956	
109,	892.000000,	997.917603,	550.363708,	788.682739	
108,	893.000000,	962.333069,	548.746216,	648.694336	
107,	894.000000,	727.645691,	984.794678,	340.243744	
106,	895.000000,	566.355408,	490.577942,	970.542542	
105,	896.000000,	92.647087,	580.821167,	431.158386	
104,	897.000000,	800.432373,	837.542847,	74.244423	
103,	898.000000,	471.625946,	1.152593,		614.361023	
102,	899.000000,	569.437744,	620.556274,	317.232788	
101,	900.000000,	379.734711,	126.614182,	406.407867	
100,	901.000000,	534.616150,	160.916992,	8.415998	
99,	902.000000,	508.705933,	712.966309,	984.550537	
98,	903.000000,	18.242958,	367.435730,	482.063263	
97,	904.000000,	612.102661,	418.798401,	52.271095	
96,	905.000000,	559.030945,	613.475952,	837.054565	
95,	906.000000,	173.032837,	142.483810,	809.221680	
94,	907.000000,	61.792870,	111.904266,	340.030121	
93,	908.000000,	613.536987,	139.798187,	359.867157	
92,	909.000000,	284.791626,	308.901245,	677.412231	
91,	910.000000,	237.274307,	98.293007,	783.433533	
90,	911.000000,	752.976074,	780.717407,	354.679016	
89,	912.000000,	762.375793,	347.476624,	77.265755	
88,	913.000000,	203.459793,	65.088867,	698.408997	
87,	914.000000,	826.983459,	806.749695,	918.905212	
86,	915.000000,	484.077484,	415.227722,	246.948669	
85,	916.000000,	860.126587,	244.171478,	276.368500	
84,	917.000000,	561.625000,	255.036072,	942.770691	
83,	918.000000,	829.089233,	61.487686,	970.939270	
82,	919.000000,	80.348122,	765.763306,	587.870911	
81,	920.000000,	228.454453,	260.834595,	976.402100	
80,	921.000000,	865.741943,	167.478470,	619.854309	
79,	922.000000,	888.539307,	608.989746,	156.674911	
78,	923.000000,	20.653919,	504.616455,	533.670044	
77,	924.000000,	378.575012,	424.047577,	917.531860	
76,	925.000000,	935.659851,	721.267334,	337.954865	
75,	926.000000,	586.253479,	989.219849,	508.126068	
74,	927.000000,	753.739014,	152.402328,	422.460602	
73,	928.000000,	96.461899,	474.921936,	78.944275	
72,	929.000000,	725.814575,	876.759155,	244.751343	
71,	930.000000,	892.628784,	550.211121,	703.291931	
70,	931.000000,	578.806946,	310.762878,	450.812317	
69,	932.000000,	288.026581,	708.968384,	34.783989	
68,	933.000000,	632.794189,	588.328735,	544.931396	
67,	934.000000,	490.181183,	855.152039,	720.077148	
66,	935.000000,	59.717613,	295.564667,	149.228394	
65,	936.000000,	427.679291,	5.058962,		741.317993	
64,	937.000000,	507.759857,	641.766602,	363.071594	
63,	938.000000,	59.137760,	200.835205,	155.942474	
62,	939.000000,	440.771729,	764.176392,	875.202698	
61,	940.000000,	954.276184,	13.146367,	850.085999	
60,	941.000000,	92.982788,	219.970306,	421.575592	
59,	942.000000,	119.594925,	466.132599,	557.382935	
58,	943.000000,	33.197029,	430.639587,	42.505173	
57,	944.000000,	457.862091,	968.314697,	139.676102	
56,	945.000000,	100.795525,	541.025024,	501.198364	
55,	946.000000,	523.904114,	9.331553,		602.855530	
54,	947.000000,	41.345470,	462.745056,	305.757843	
53,	948.000000,	1.488296,		100.765007,	160.978027	
52,	949.000000,	653.821411,	412.267426,	153.989288	
51,	950.000000,	193.480240,	833.178711,	483.039856	
50,	951.000000,	796.953247,	654.004578,	418.645813	
49,	952.000000,	421.331421,	110.653008,	688.276855	
48,	953.000000,	305.422119,	44.183689,	636.792114	
47,	954.000000,	193.541275,	735.885681,	322.207306	
46,	955.000000,	870.136658,	965.140747,	984.764160	
45,	956.000000,	949.118530,	675.428528,	71.436722	
44,	957.000000,	358.921082,	967.734802,	533.944702	
43,	958.000000,	739.059631,	667.646301,	984.092773	
42,	959.000000,	26.605030,	528.390381,	819.781067	
41,	960.000000,	1000.450684,	459.601654,	82.057159	
40,	961.000000,	704.421143,	398.900330,	38.690361	
39,	962.000000,	226.501266,	10.765924,	106.471970	
38,	963.000000,	498.878967,	708.419067,	143.765594	
37,	964.000000,	473.273926,	595.164856,	347.171448	
36,	965.000000,	891.804749,	894.520935,	361.057373	
35,	966.000000,	884.693970,	2.312296,		708.205444	
34,	967.000000,	540.689331,	313.540070,	322.298859	
33,	968.000000,	399.449646,	101.253304,	965.049194	
32,	969.000000,	659.070618,	642.438049,	231.689407	
31,	970.000000,	138.211212,	18.242958,	211.699783	
30,	971.000000,	733.810425,	551.248718,	374.973816	
29,	972.000000,	293.825104,	212.310165,	396.001068	
28,	973.000000,	634.259094,	230.682297,	970.237366	
27,	974.000000,	277.955475,	937.521484,	225.738297	
26,	975.000000,	15.007996,	821.490112,	970.542542	
25,	976.000000,	44.092136,	82.850639,	222.839050	
24,	977.000000,	430.151276,	238.525558,	86.451828	
23,	978.000000,	531.594788,	304.964355,	931.570374	
22,	979.000000,	892.994995,	941.702515,	126.949890	
21,	980.000000,	685.865845,	838.336365,	873.524170	
20,	981.000000,	850.116516,	493.568756,	884.053101	
19,	982.000000,	128.536850,	512.032471,	416.112762	
18,	983.000000,	822.955017,	897.114990,	335.269226	
17,	984.000000,	905.599121,	440.008759,	901.051880	
16,	985.000000,	424.108612,	338.931458,	34.265175	
15,	986.000000,	452.612915,	713.515625,	796.709106	
14,	987.000000,	208.678452,	710.311218,	326.083160	
13,	988.000000,	616.466797,	333.529694,	913.411865	
12,	989.000000,	993.706055,	753.677979,	589.976685	
11,	990.000000,	876.301392,	699.507629,	479.774384	
10,	991.000000,	1000.053955,	523.598938,	197.386612	
9,	992.000000,	449.805206,	349.033081,	747.879456	
8,	993.000000,	564.127563,	670.362488,	406.957214	
7,	994.000000,	370.609680,	441.198975,	398.930847	
6,	995.000000,	354.740051,	488.044891,	122.433151	
5,	996.000000,	506.508606,	822.161560,	983.024597	
4,	997.000000,	143.429886,	334.109528,	442.877502	
3,	998.000000,	484.016449,	529.244873,	574.686951	
2,	999.000000,	333.865387,	552.927246,	356.449066	
1,	1000.000000,	211.760834,	404.424164,	382.359283	
